[gd_scene load_steps=8 format=3 uid="uid://ddauni7jukqm8"]

[ext_resource type="PackedScene" uid="uid://w31s75v5rfa2" path="res://scenes/block.tscn" id="1_pmfnm"]
[ext_resource type="PackedScene" uid="uid://dhrlcn5q8p7vg" path="res://scenes/character.tscn" id="2_rtlks"]
[ext_resource type="Texture2D" uid="uid://1pfdeawh4rmo" path="res://icon.svg" id="3_ifne8"]
[ext_resource type="Script" path="res://scripts/Icon.gd" id="4_fdyne"]
[ext_resource type="PackedScene" uid="uid://dhy56of52yp2b" path="res://scenes/coin.tscn" id="5_2dwv8"]

[sub_resource type="BoxMesh" id="BoxMesh_e643u"]
size = Vector3(10, 0.5, 10)

[sub_resource type="BoxShape3D" id="BoxShape3D_d2grm"]
size = Vector3(10, 0.5, 10)

[node name="level_1" type="Node3D"]

[node name="Camera3D" type="Camera3D" parent="."]
transform = Transform3D(1, 0, 0, 0, 0.885872, 0.46393, 0, -0.46393, 0.885872, 0, 3.79611, 8.39709)

[node name="Floor" type="StaticBody3D" parent="."]

[node name="MeshInstance3D" type="MeshInstance3D" parent="Floor"]
mesh = SubResource("BoxMesh_e643u")

[node name="CollisionShape3D" type="CollisionShape3D" parent="Floor"]
shape = SubResource("BoxShape3D_d2grm")

[node name="DirectionalLight3D" type="DirectionalLight3D" parent="."]
transform = Transform3D(1, 0, 0, 0, 0.00518365, 0.999987, 0, -0.999987, 0.00518365, 0, 6.63936, 0)
shadow_enabled = true

[node name="Block1" parent="." instance=ExtResource("1_pmfnm")]
transform = Transform3D(0.804624, 0.524071, -0.279158, -0.593784, 0.710158, -0.378281, 0, 0.470134, 0.882595, 0, 3.54451, 0)

[node name="Block2" parent="." instance=ExtResource("1_pmfnm")]
transform = Transform3D(0.804624, 0.524071, -0.279158, -0.593784, 0.710158, -0.378281, 0, 0.470134, 0.882595, 0.182796, 6.35516, -0.748588)

[node name="Block3" parent="." instance=ExtResource("1_pmfnm")]
transform = Transform3D(0.804624, 0.524071, -0.279158, -0.593784, 0.710158, -0.378281, 0, 0.470134, 0.882595, 0.196123, 7.88234, 0.301011)

[node name="Block4" parent="." instance=ExtResource("1_pmfnm")]
transform = Transform3D(0.804624, 0.524071, -0.279158, -0.593784, 0.710158, -0.378281, 0, 0.470134, 0.882595, 0.139596, 5.65656, 0.928822)

[node name="Character" parent="." instance=ExtResource("2_rtlks")]
transform = Transform3D(1, 0, 0, 0, 1, 0, 0, 0, 1, 2.90427, 0.770129, 0)

[node name="Icon" type="Sprite3D" parent="."]
transform = Transform3D(1, 0, 0, 0, 0.844851, 0.535001, 0, -0.535001, 0.844851, 0, 1.70261, 3.82677)
texture = ExtResource("3_ifne8")
script = ExtResource("4_fdyne")

[node name="Coin" parent="." instance=ExtResource("5_2dwv8")]
transform = Transform3D(0.999584, -0.0288288, 0, 0.0288288, 0.999584, 0, 0, 0, 1, -3, 1, 0)
